5.0
5.0
5.0
5.0
5.0
5.0
5.0
5.0
5.0
5.0
5.0
5.0
5.0
5.0
5.0
5.0
5.0
5.0
5.0
5.0
5.0
5.0
5.0
5.0
5.0
5.0
5.0
5.0
0.763000011444
0.686000049114
0.930000066757
0.922000050545
0.922000050545
0.920000016689
0.920000016689
0.922000050545
0.925000071526
0.922000050545
0.930000066757
0.969000041485
0.577000021935
1.33600008488
1.23600006104
1.14600002766
1.21900010109
1.29100000858
1.3900001049
1.3900001049
1.37900006771
1.37400007248
1.56000006199
3.04600024223
2.86900019646
2.75400018692
2.53200006485
2.53200006485
4.1920003891
4.40600013733
3.18600010872
4.35000038147
4.40600013733
5.0
5.0
4.40600013733
4.35000038147
4.35000038147
4.35000038147
4.35000038147
4.29600000381
4.35000038147
4.29600000381
4.35000038147
4.35000038147
4.29600000381
4.29600000381
4.35000038147
4.29600000381
4.35000038147
4.29600000381
4.35000038147
4.29600000381
4.29600000381
4.29600000381
4.29600000381
4.35000038147
4.35000038147
4.29600000381
4.29600000381
4.29600000381
4.35000038147
4.35000038147
4.29600000381
4.35000038147
4.35000038147
4.35000038147
4.29600000381
4.35000038147
4.29600000381
4.35000038147
4.35000038147
