1.69800007343
1.68100011349
1.69000005722
1.69000005722
1.69000005722
1.69000005722
1.69000005722
1.69000005722
1.69000005722
1.69000005722
1.68100011349
1.69000005722
1.69000005722
1.69000005722
1.69000005722
1.69000005722
1.69000005722
1.68100011349
1.68100011349
1.68100011349
1.68100011349
1.68100011349
1.68100011349
1.68100011349
1.68100011349
1.68100011349
1.68100011349
1.68100011349
1.68100011349
1.68100011349
1.68100011349
1.68100011349
1.68100011349
1.68100011349
1.68100011349
1.68100011349
1.68100011349
1.68100011349
1.68100011349
1.68100011349
1.68100011349
1.68100011349
1.68100011349
1.68100011349
1.68100011349
1.68100011349
1.68100011349
1.68100011349
1.68100011349
1.68100011349
1.68100011349
1.68100011349
1.68100011349
1.68100011349
1.68100011349
1.68100011349
1.68100011349
1.68100011349
1.68100011349
1.68100011349
1.68100011349
1.68100011349
1.68100011349
1.68100011349
1.68100011349
1.68100011349
1.68100011349
1.68100011349
1.68100011349
1.68100011349
1.68100011349
1.68100011349
1.68100011349
1.68100011349
1.68100011349
1.68100011349
1.68100011349
1.68100011349
1.68100011349
1.68100011349
1.68100011349
1.68100011349
1.68100011349
1.68100011349
1.68100011349
1.68100011349
1.68100011349
1.68100011349
1.68100011349
1.68100011349
1.68100011349
1.68100011349
1.68100011349
1.68100011349
1.68100011349
1.68100011349
1.68100011349
1.68100011349
1.68100011349
1.68100011349
